image_width: 640
image_height: 480
camera_name: camera
camera_matrix:
  rows: 3
  cols: 3
  data: [554.137192, 0, 313.70214, 0, 555.227196, 257.142091, 0, 0, 1]
distortion_model: plumb_bob
distortion_coefficients:
  rows: 1
  cols: 5
  data: [0.112528, -0.211994, 0.010743, 0.001854, 0]
rectification_matrix:
  rows: 3
  cols: 3
  data: [1, 0, 0, 0, 1, 0, 0, 0, 1]
projection_matrix:
  rows: 3
  cols: 4
  data: [562.769775, 0, 314.106726, 0, 0, 562.400635, 260.498227, 0, 0, 0, 1, 0]
